0 0.285938 0.977083 0.079687 0.043056
0 0.351953 0.882639 0.105469 0.162500
0 0.877344 0.870833 0.101562 0.191667
0 0.206641 0.808333 0.085156 0.161111
0 0.165625 0.628472 0.143750 0.198611
0 0.517188 0.573611 0.332813 0.377778
0 0.274609 0.451389 0.125781 0.144444
0 0.211719 0.350000 0.073438 0.102778
0 0.946484 0.288194 0.107031 0.154167
0 0.285156 0.179167 0.054688 0.041667
0 0.475391 0.277778 0.124219 0.244444
0 0.287109 0.102083 0.028906 0.059722
0 0.854688 0.090972 0.076563 0.070833
0 0.646094 0.111806 0.071875 0.181944
0 0.780859 0.065972 0.086719 0.093056
0 0.394922 0.027778 0.055469 0.055556
