0 0.402344 0.853472 0.060937 0.068056
0 0.702734 0.788194 0.086719 0.115278
0 0.018750 0.779167 0.037500 0.188889
0 0.699609 0.668056 0.133594 0.108333
0 0.378516 0.629167 0.075781 0.108333
0 0.283203 0.572222 0.089844 0.136111
0 0.959375 0.526389 0.081250 0.150000
0 0.273828 0.402083 0.050781 0.031944
0 0.158984 0.378472 0.032031 0.026389
0 0.091797 0.388194 0.052344 0.070833
0 0.787500 0.306250 0.053125 0.076389
0 0.689453 0.297917 0.046094 0.070833
0 0.821875 0.183333 0.062500 0.086111
0 0.349219 0.181250 0.103125 0.095833
0 0.726953 0.200000 0.092969 0.147222
0 0.570703 0.137500 0.063281 0.063889
0 0.158984 0.130556 0.063281 0.055556
0 0.900391 0.147222 0.063281 0.100000
0 0.291016 0.105556 0.063281 0.086111
0 0.550391 0.063194 0.080469 0.043056
0 0.048438 0.043056 0.081250 0.058333
0 0.433203 0.025000 0.066406 0.050000
