0 0.625000 0.821528 0.100000 0.070833
0 0.533203 0.685417 0.122656 0.087500
0 0.027344 0.609722 0.054688 0.113889
0 0.143359 0.581250 0.124219 0.087500
0 0.935547 0.535417 0.114844 0.126389
0 0.488672 0.533333 0.167969 0.200000
0 0.741797 0.415972 0.061719 0.076389
0 0.123438 0.358333 0.045312 0.036111
0 0.718750 0.302083 0.151562 0.048611
0 0.205078 0.304167 0.044531 0.061111
0 0.313281 0.221528 0.064062 0.056944
0 0.023047 0.203472 0.046094 0.081944
0 0.696484 0.201389 0.147656 0.127778
0 0.886328 0.202778 0.152344 0.147222
0 0.471875 0.197917 0.150000 0.276389
0 0.590625 0.142361 0.070312 0.215278
0 0.690625 0.072222 0.078125 0.083333
0 0.180469 0.035417 0.056250 0.051389
